
Table 1: Centrifugal Pump Data
 Freq_Hz  Q_m3s  P_vacuum_kPa  P_pressure_kPa  Power_kW  No
    50.0   7.71         -37.5            30.7      0.70   1
    50.0   7.65         -37.3            34.6      0.70   2
    50.0   7.52         -36.4            41.2      0.70   3
    50.0   6.86         -31.4            66.0      0.69   4
    50.0   5.40         -21.2           105.7      0.65   5
    50.0   5.05         -17.1           116.2      0.64   6
    50.0   4.25         -11.2           134.3      0.60   7
    50.0   3.92         -10.7           141.3      0.58   8
    50.0   3.70         -10.5           143.7      0.57   9
    50.0   3.65         -10.9           145.7      0.57  10
    50.0   3.49         -10.7           147.4      0.56  11
    50.0   3.24         -12.4           150.2      0.55  12
    50.0   3.06         -11.5           153.9      0.54  13
    50.0   2.77         -10.3           159.6      0.52  14
    50.0   2.42          -9.0           165.7      0.50  15

Table 2: Pipeline Characteristic Data
 Freq_VFD  Freq_Hz  Q_m3s  P_vacuum_kPa  P_pressure_kPa  No
      1.0     50.0 0.0021         -36.3            40.6   1
      0.9     45.0 0.0019         -31.8            34.0   2
      0.8     40.0 0.0017         -26.9            26.8   3
      0.7     35.0 0.0015         -20.8            20.8   4
      0.6     30.0 0.0013         -14.1            16.3   5
      0.5     25.0 0.0011          -9.8            11.4   6

Table 3: Friction Loss Data
 Q_m3s    P_diff_kPa  No
  0.32    0.0   1
  1.28    0.0   2
  1.94    3.0   3
  3.56    5.8   4
  3.76    6.2   5
  3.86    6.9   6
  3.90    6.9   7
  3.86    6.6   8
  3.91    7.0   9
  3.95    7.4  10

Parameters:
Pipe Diameter (m): 0.019
Pipe Length (m): 1.0
Fluid Viscosity (N·s/m^2): 0.74772
